273 273 1
457 457 1
109 109 1
502 503 0
387 387 1
122 122 1
161 161 1
207 207 1
123 123 1
123 123 1
136 136 1
373 373 1
188 188 1
451 451 1
667 669 0
336 336 1
306 306 1
112 112 1
220 220 1
184 184 1
772 772 1
279 279 1
912 912 1
360 360 1
634 634 1
 
537 537 1
350 350 1
247 247 1
386 386 1
732 732 1
1177 1177 1
499 499 1
264 264 1
285 285 1
227 227 1
457 457 1
227 227 1
1446 1446 1
617 617 1
1256 1256 1
411 411 1
559 559 1
644 645 0
1365 1367 0
273 273 1
211 211 1
444 444 1
291 291 1
756 756 1
350 350 1
 
940 940 1
420 420 1
577 577 1
510 510 1
610 610 1
408 408 1
1310 1310 1
721 721 1
546 546 1
557 558 0
469 469 1
638 638 1
882 882 1
514 514 1
380 380 1
288 288 1
535 535 1
623 623 1
1275 1278 0
401 401 1
385 385 1
1190 1190 1
291 291 1
761 761 1
1623 1623 1
 
1372 1375 0
567 567 1
529 529 1
569 569 1
625 625 1
1657 1657 1
1299 1303 0
711 711 1
884 884 1
652 652 1
969 969 1
1754 1754 1
609 609 1
1391 1392 0
453 453 1
819 819 1
419 419 1
617 617 1
798 799 0
1216 1216 1
816 816 1
1057 1059 0
957 958 0
1712 1714 0
849 849 1
 
694 694 1
2543 2543 1
1116 1117 0
771 771 1
978 979 0
514 515 0
1825 1827 0
1008 1008 1
1868 1879 0
1307 1307 1
2437 2441 0
1080 1082 0
2042 2053 0
875 875 1
1980 1980 1
1162 1163 0
1474 1476 0
1005 1005 1
716 716 1
864 864 1
1261 1263 0
792 792 1
1099 1101 0
1010 1010 1
1850 1850 1
 
1140 1140 1
1670 1679 0
1214 1215 0
559 559 1
1578 1580 0
2087 2087 1
1125 1125 1
1662 1670 0
1257 1257 1
1813 1815 0
1265 1265 1
840 840 1
962 962 1
2244 2249 0
1423 1424 0
892 892 1
1322 1322 1
623 623 1
1309 1309 1
1287 1287 1
906 906 1
1260 1260 1
1119 1121 0
1368 1369 0
1442 1445 0
 
755 755 1
1266 1267 0
1988 1997 0
1743 1746 0
1236 1236 1
1512 1515 0
1965 1976 0
2106 2108 0
1108 1109 0
1994 2004 0
2646 2680 0
834 834 1
1553 1553 1
1746 1748 0
1110 1110 1
3041 3054 0
2111 2123 0
1458 1458 1
1988 2016 0
1948 1953 0
2607 2620 0
1820 1822 0
1130 1138 0
1443 1451 0
1858 1864 0
 
1395 1399 0
2341 2344 0
3283 3318 0
1831 1831 1
1516 1516 1
2241 2244 0
2218 2218 1
1794 1805 0
894 894 1
1672 1679 0
1237 1238 0
3040 3047 0
2152 2160 0
2172 2176 0
1688 1691 0
2080 2085 0
2513 2520 0
1265 1265 1
2287 2307 0
1002 1002 1
1567 1567 1
2455 2460 0
1171 1171 1
1497 1497 1
1763 1767 0
 
1362 1365 0
1756 1762 0
1337 1337 1
2598 2604 0
2259 2266 0
1874 1879 0
1574 1574 1
1309 1310 0
1903 1904 0
2679 2681 0
1673 1684 0
2312 2321 0
1698 1702 0
1407 1407 1
1404 1404 1
2240 2250 0
1642 1642 1
2492 2499 0
1897 1906 0
2060 2068 0
1881 1894 0
2836 2864 0
1362 1365 0
2235 2235 1
3118 3127 0
 
1880 1899 0
2050 2051 0
2618 2640 0
2356 2365 0
2829 2841 0
1723 1726 0
2207 2223 0
2497 2524 0
3129 3148 0
2640 2663 0
1896 1900 0
2725 2752 0
3545 3586 0
2566 2584 0
2540 2549 0
2660 2687 0
2007 2027 0
2760 2775 0
3376 3450 0
2261 2285 0
1755 1756 0
1638 1639 0
1840 1843 0
2338 2365 0
2230 2234 0
 
3002 3027 0
1385 1393 0
3830 3877 0
3631 3656 0
1614 1614 1
2262 2262 1
2285 2288 0
2367 2370 0
2538 2541 0
2389 2392 0
1695 1697 0
1924 1927 0
2560 2565 0
2615 2627 0
2330 2338 0
1799 1810 0
2117 2129 0
1815 1820 0
1964 1970 0
1175 1177 0
1735 1736 0
1714 1716 0
2189 2199 0
1937 1938 0
2149 2149 1
 
1769 1769 1
5024 5076 0
2997 3053 0
2012 2017 0
3217 3257 0
2178 2201 0
4457 4485 0
3022 3046 0
3877 4007 0
2593 2597 0
2207 2210 0
2690 2700 0
2868 2881 0
2242 2256 0
2130 2135 0
4338 4395 0
2954 2968 0
2212 2215 0
3620 3662 0
3519 3536 0
2149 2160 0
1787 1799 0
1628 1638 0
1484 1484 1
1896 1898 0
 
2811 2830 0
1469 1472 0
3268 3329 0
2693 2705 0
2700 2713 0
2239 2253 0
2228 2235 0
2149 2154 0
3015 3022 0
3178 3224 0
2787 2818 0
2400 2435 0
2755 2778 0
3127 3165 0
2156 2158 0
2375 2387 0
1884 1901 0
2655 2679 0
1465 1471 0
2521 2540 0
2576 2602 0
2360 2375 0
3263 3266 0
2990 3018 0
1819 1836 0
 
2652 2684 0
2655 2674 0
2681 2697 0
2341 2358 0
3098 3138 0
2704 2730 0
3698 3755 0
3433 3486 0
2914 2937 0
3638 3679 0
3076 3210 0
4322 4429 0
2554 2577 0
3667 3694 0
2576 2589 0
3570 3756 0
1937 1937 1
2619 2625 0
3463 3506 0
2344 2392 0
2592 2604 0
2906 2918 0
3631 3730 0
3090 3137 0
2500 2505 0
 
2715 2729 0
3017 3054 0
5157 5437 0
1859 1875 0
2944 2996 0
3292 3332 0
3767 3802 0
4531 4700 0
2617 2661 0
3933 4007 0
3209 3259 0
2555 2568 0
2672 2691 0
3673 3752 0
3572 3612 0
2630 2643 0
3314 3400 0
2677 2705 0
2646 2759 0
3993 4107 0
2721 2810 0
3813 4010 0
2947 2994 0
2932 2970 0
3027 3078 0
 
3596 3716 0
2797 2916 0
3326 3387 0
3422 3451 0
1841 1852 0
2651 2737 0
2828 2845 0
3021 3084 0
4884 5174 0
4220 4383 0
3760 3907 0
3953 4063 0
3584 3627 0
3656 3690 0
2825 2869 0
3615 3782 0
3838 3943 0
4148 4253 0
2666 2682 0
3691 3755 0
3801 3844 0
3633 3797 0
2101 2114 0
2915 2992 0
4498 4951 0
 
2619 2681 0
3703 3896 0
5498 5972 0
2569 2628 0
2580 2666 0
3528 3826 0
3417 3556 0
3011 3120 0
3358 3481 0
3219 3256 0
2940 3017 0
4810 5232 0
4380 4675 0
3105 3277 0
3582 3672 0
3597 4439 0
3278 3315 0
3046 3077 0
5393 5731 0
3263 3417 0
3350 3471 0
3381 3548 0
3048 3176 0
2789 2832 0
2462 2499 0
 
3269 3409 0
2714 2770 0
3126 3257 0
4451 5245 0
3541 4424 0
3407 3859 0
2533 2663 0
3526 3825 0
3266 3400 0
3471 3608 0
2874 3105 0
2916 3004 0
3154 3902 0
2909 3249 0
3754 4134 0
2688 3503 0
3374 3676 0
3206 3528 0
2885 3030 0
3443 3799 0
3051 3549 0
3178 3551 0
4194 4410 0
6117 7097 0
4252 4748 0
 
2820 4022 0
2562 3364 0
2343 3421 0
2555 3186 0
2671 3747 0
3590 5354 0
2809 3827 0
2814 3432 0
2113 3770 0
3783 5051 0
1522 3041 0
2570 3142 0
3001 4612 0
2521 5254 0
3399 5594 0
3028 4224 0
2791 3617 0
2956 5749 0
2678 4016 0
3170 3980 0
2764 4153 0
2621 3879 0
3024 4671 0
2477 4502 0
2839 3482 0
 
1865 4408 0
2040 3875 0
2196 3570 0
291 3434 0
1870 4857 0
1329 4559 0
2058 5900 0
1741 4809 0
1721 3013 0
741 4136 0
1676 4727 0
1195 4300 0
732 3804 0
700 4603 0
750 3431 0
2229 3840 0
2216 4356 0
827 4924 0
1422 5218 0
1712 4182 0
2558 5696 0
1496 4138 0
942 4100 0
742 4388 0
1742 5129 0
 
284 3631 0
315 3741 0
146 3543 0
400 4476 0
283 3329 0
279 3554 0
146 3112 0
322 3810 0
237 5127 0
265 4018 0
271 4235 0
118 4397 0
194 3803 0
192 3689 0
274 3640 0
263 4122 0
247 4072 0
305 4240 0
150 4888 0
374 4078 0
280 3255 0
44 4259 0
269 3582 0
503 3854 0
404 4518 0
 
===
