870 870 1
942 942 1
1119 1119 1
814 814 1
1209 1209 1
648 648 1
1837 1837 1
772 772 1
1684 1684 1
1032 1032 1
982 982 1
985 985 1
1810 1810 1
1577 1578 0
675 675 1
851 851 1
982 982 1
648 648 1
1059 1059 1
846 846 1
1034 1034 1
1069 1069 1
1072 1072 1
826 826 1
563 563 1
 
2688 2688 1
1629 1629 1
2909 2909 1
1765 1765 1
2512 2512 1
2919 2920 0
2592 2592 1
3092 3094 0
2277 2277 1
1654 1654 1
2174 2175 0
1932 1932 1
1184 1184 1
1363 1363 1
1109 1109 1
1398 1398 1
1584 1584 1
1926 1926 1
2421 2421 1
1893 1893 1
2299 2299 1
2054 2054 1
3743 3743 1
1711 1711 1
1633 1633 1
 
4143 4143 1
4181 4181 1
3405 3405 1
4203 4203 1
4124 4124 1
2545 2545 1
3276 3276 1
3598 3600 0
5915 5915 1
2479 2479 1
2766 2766 1
3342 3343 0
2935 2935 1
4741 4742 0
2294 2294 1
2285 2285 1
3563 3563 1
3751 3754 0
4870 4870 1
3684 3684 1
2979 2979 1
3035 3037 0
2571 2573 0
2542 2542 1
5218 5224 0
 
2843 2843 1
3394 3402 0
5160 5161 0
3551 3551 1
4254 4254 1
3053 3053 1
4937 4937 1
3736 3736 1
4254 4254 1
3488 3488 1
4680 4680 1
4590 4590 1
3826 3827 0
6204 6208 0
4098 4099 0
3513 3513 1
3584 3584 1
4724 4724 1
6153 6153 1
5716 5716 1
4040 4040 1
7782 7822 0
3967 3967 1
3616 3616 1
3665 3665 1
 
4517 4519 0
5139 5141 0
4127 4134 0
7210 7224 0
4898 4898 1
4271 4271 1
5939 5941 0
5944 5946 0
4754 4754 1
4212 4213 0
3735 3735 1
4309 4309 1
6597 6597 1
5678 5679 0
5269 5269 1
5453 5453 1
4972 4972 1
5157 5159 0
6246 6247 0
5202 5206 0
3998 3998 1
6052 6060 0
4996 4999 0
4621 4621 1
5073 5077 0
 
6065 6068 0
4543 4544 0
5381 5382 0
6832 6838 0
6319 6322 0
5379 5382 0
7826 7839 0
4463 4463 1
5673 5673 1
5924 5927 0
4357 4357 1
3865 3865 1
6358 6376 0
6276 6281 0
6964 6975 0
6079 6087 0
4970 4970 1
6157 6161 0
6893 6896 0
6055 6055 1
5430 5434 0
6808 6808 1
6721 6725 0
5405 5405 1
4490 4493 0
 
6903 6914 0
6435 6435 1
7405 7432 0
6339 6342 0
7494 7508 0
8429 8466 0
7250 7259 0
10698 10750 0
9343 9380 0
9812 9828 0
6896 6901 0
6458 6466 0
6903 6908 0
7381 7401 0
4748 4748 1
7063 7082 0
9380 9388 0
6898 6903 0
7640 7668 0
8182 8194 0
8172 8172 1
8536 8549 0
10508 10523 0
5619 5629 0
7776 7791 0
 
5959 5963 0
10881 10941 0
8961 9000 0
7514 7517 0
7244 7266 0
7095 7108 0
8994 9035 0
8926 8948 0
8773 8865 0
9900 9907 0
6300 6321 0
9907 9953 0
8219 8234 0
8298 8787 0
7237 7244 0
8068 8083 0
8415 8432 0
9558 9626 0
10528 10596 0
8959 8970 0
6878 6882 0
8109 8153 0
8655 8665 0
8868 8962 0
6491 6497 0
 
9897 9916 0
8505 8591 0
8307 8332 0
10127 10188 0
8990 9009 0
8190 8261 0
7650 7689 0
9915 9927 0
8043 8135 0
11060 11168 0
11506 11544 0
9769 9782 0
9208 9251 0
11461 11508 0
9925 10021 0
9672 9700 0
9283 9356 0
12285 12352 0
10509 10898 0
10657 10761 0
8637 8651 0
8520 8572 0
8633 8711 0
8494 8514 0
9202 9255 0
 
12825 13005 0
11301 11360 0
9330 9413 0
13066 13225 0
9491 9519 0
12856 13618 0
9870 10098 0
10706 10808 0
11683 11774 0
9600 9638 0
11747 12414 0
12547 12682 0
9091 9141 0
12226 12400 0
8945 8996 0
12621 12769 0
9625 9671 0
10657 10722 0
10725 11015 0
9928 10023 0
9626 9666 0
11729 11918 0
10345 10386 0
12563 12850 0
9038 9047 0
 
11877 12164 0
15199 15925 0
12056 12297 0
11896 12170 0
10782 10948 0
12915 13674 0
10377 10462 0
13846 14572 0
10189 10258 0
10916 10962 0
14938 15571 0
13933 15118 0
10019 10279 0
12488 12976 0
10866 10986 0
11810 12417 0
10772 11011 0
10738 10873 0
11686 11894 0
9203 9233 0
12508 13257 0
9501 9640 0
12107 12720 0
10039 10323 0
16871 16976 0
 
11556 11882 0
13495 13684 0
13683 14673 0
12959 13280 0
14999 16751 0
13666 13920 0
14257 14800 0
11795 12050 0
12080 12198 0
13762 16322 0
12137 12739 0
11744 12066 0
12596 12851 0
12237 12604 0
10015 10776 0
12760 13292 0
14622 14898 0
12877 13292 0
9532 17357 0
10244 10344 0
10863 11144 0
12572 13352 0
12975 13412 0
11139 11217 0
11509 11738 0
 
11998 13776 0
13040 14032 0
10465 14344 0
12658 14338 0
11979 13714 0
11011 12336 0
12082 13446 0
12068 13508 0
11072 11567 0
13014 14157 0
12033 17705 0
9779 10140 0
11690 15100 0
11060 17269 0
11797 14525 0
12743 16521 0
11771 12528 0
12170 14563 0
10525 10665 0
11613 15176 0
15878 17031 0
15571 18418 0
11376 12339 0
14278 15910 0
12760 13027 0
 
10944 15650 0
12523 15412 0
12009 15639 0
13794 16680 0
12623 17691 0
9999 16189 0
11863 15028 0
11471 13543 0
8583 13184 0
10017 18797 0
7123 14197 0
10910 14880 0
8658 15632 0
11696 13732 0
9841 14178 0
11191 16801 0
11783 15871 0
11039 15732 0
9912 13644 0
8632 15983 0
8252 17220 0
8434 16315 0
12436 17726 0
8897 14360 0
12157 13564 0
 
6791 15484 0
9682 19352 0
10272 17000 0
7933 14849 0
9510 16018 0
9172 15510 0
11287 13947 0
9727 16580 0
6478 15549 0
8090 14960 0
9657 18068 0
8259 17295 0
18434 27170 0
8440 15136 0
11203 13121 0
10583 14392 0
12236 17580 0
11471 17055 0
7864 16192 0
9236 13318 0
8279 18496 0
10733 14280 0
8733 18969 0
9068 14886 0
9351 12745 0
 
10762 15519 0
7926 16922 0
8603 14947 0
5653 15908 0
9905 20379 0
7691 16478 0
8813 21527 0
6806 18887 0
5216 16041 0
6011 15109 0
5134 16720 0
8995 15473 0
5770 16411 0
9830 14951 0
5934 15030 0
9960 18467 0
4881 16660 0
7899 16458 0
8103 16309 0
8550 16684 0
7526 17963 0
7709 16772 0
7760 16366 0
8831 19280 0
7781 18894 0
 
15270 43959 0
6816 20322 0
10150 18957 0
6130 15407 0
9715 18411 0
5753 18143 0
5482 20481 0
8473 16849 0
8587 16785 0
6290 22448 0
6932 17281 0
8890 20826 0
7722 17884 0
7480 19687 0
9474 17321 0
5534 22256 0
6806 17747 0
5574 17125 0
10223 19712 0
6103 21575 0
4500 16409 0
6617 18516 0
7803 18791 0
7067 18982 0
8168 18207 0
 
4758 15703 0
6309 18490 0
5258 15918 0
6363 19963 0
5933 16407 0
8111 17303 0
5824 21593 0
5131 21047 0
5062 17571 0
4483 17572 0
8008 27717 0
6658 18019 0
7102 20078 0
3713 17319 0
1185 21054 0
3629 21700 0
6632 17703 0
4482 21313 0
4586 22029 0
3912 22455 0
8108 19685 0
7119 20975 0
7144 19946 0
9292 18423 0
5709 20182 0
 
5410 18900 0
6404 20578 0
6073 17167 0
1495 20107 0
401 15983 0
3143 22621 0
2369 19336 0
5483 19850 0
1432 20828 0
281 12189 0
3967 20497 0
4179 22258 0
2378 23180 0
4329 21265 0
4886 22151 0
3127 20468 0
1448 17477 0
9230 28191 0
7314 22224 0
2879 24152 0
6345 19903 0
3603 23645 0
5070 23343 0
214 15083 0
3233 20638 0
 
498 20570 0
1732 22452 0
831 23153 0
922 18572 0
656 20677 0
471 18922 0
863 21479 0
909 20179 0
378 13851 0
1585 22100 0
1023 17963 0
905 17547 0
428 23024 0
953 18889 0
3142 19299 0
262 20438 0
837 21012 0
234 14720 0
701 20454 0
305 15892 0
1434 19097 0
678 23194 0
807 30521 0
2485 20879 0
261 17179 0
 
395 12069 0
671 18794 0
753 16161 0
259 16960 0
666 19165 0
528 16515 0
376 15606 0
823 16127 0
782 16142 0
714 13828 0
513 15864 0
232 17046 0
284 16289 0
615 17478 0
230 18341 0
326 16525 0
584 16699 0
311 11808 0
113 12186 0
741 19362 0
517 15553 0
533 14355 0
261 10020 0
252 15352 0
212 7664 0
 
===
