273 273 1
457 457 1
109 109 1
503 503 1
387 387 1
122 122 1
161 161 1
207 207 1
123 123 1
123 123 1
136 136 1
373 373 1
188 188 1
452 452 1
669 669 1
336 336 1
306 306 1
112 112 1
220 220 1
184 184 1
772 772 1
278 278 1
912 912 1
360 360 1
634 634 1
 
538 538 1
349 349 1
249 249 1
383 383 1
732 732 1
1182 1182 1
500 500 1
264 264 1
285 285 1
226 226 1
459 459 1
227 227 1
1446 1446 1
618 618 1
1259 1259 1
411 411 1
559 559 1
645 645 1
1369 1369 1
272 272 1
211 211 1
444 444 1
291 291 1
757 757 1
351 351 1
 
935 935 1
420 420 1
579 579 1
509 509 1
611 611 1
409 409 1
1310 1310 1
723 723 1
546 546 1
559 559 1
474 474 1
637 637 1
881 881 1
514 514 1
380 380 1
288 288 1
535 535 1
620 620 1
1278 1278 1
403 403 1
384 384 1
1197 1197 1
291 291 1
760 760 1
1622 1622 1
 
1365 1365 1
563 563 1
530 530 1
569 569 1
624 624 1
1656 1656 1
1302 1302 1
706 706 1
887 887 1
652 652 1
971 971 1
1750 1750 1
609 609 1
1396 1396 1
455 455 1
817 817 1
421 421 1
621 621 1
800 800 1
1216 1216 1
817 817 1
1062 1062 1
959 959 1
1713 1713 1
855 855 1
 
690 690 1
2549 2549 1
1119 1119 1
771 771 1
981 981 1
517 517 1
1834 1834 1
1011 1011 1
1884 1884 1
1311 1311 1
2472 2472 1
1084 1084 1
2059 2059 1
877 877 1
1991 1991 1
1159 1159 1
1480 1480 1
1008 1008 1
719 719 1
865 865 1
1264 1264 1
794 794 1
1101 1101 1
1011 1011 1
1852 1852 1
 
1140 1140 1
1680 1680 1
1217 1217 1
559 559 1
1580 1580 1
2087 2087 1
1125 1125 1
1660 1660 1
1258 1258 1
1815 1815 1
1265 1265 1
840 840 1
962 962 1
2246 2246 1
1433 1433 1
893 893 1
1322 1322 1
623 623 1
1309 1309 1
1286 1286 1
906 906 1
1260 1260 1
1121 1121 1
1369 1369 1
1446 1446 1
 
755 755 1
1267 1267 1
1999 1999 1
1746 1746 1
1237 1237 1
1515 1515 1
1976 1976 1
2111 2111 1
1109 1109 1
2005 2005 1
2681 2681 1
833 833 1
1553 1553 1
1748 1748 1
1109 1109 1
3056 3056 1
2123 2123 1
1459 1459 1
2011 2011 1
1956 1956 1
2620 2620 1
1823 1823 1
1137 1137 1
1455 1455 1
1865 1865 1
 
1398 1398 1
2346 2346 1
3316 3316 1
1832 1832 1
1515 1515 1
2244 2244 1
2219 2219 1
1807 1807 1
893 893 1
1679 1679 1
1240 1240 1
3046 3046 1
2164 2164 1
2178 2178 1
1692 1692 1
2085 2085 1
2522 2522 1
1266 1266 1
2310 2310 1
1002 1002 1
1567 1567 1
2459 2459 1
1172 1172 1
1500 1500 1
1768 1768 1
 
1365 1365 1
1764 1764 1
1337 1337 1
2605 2605 1
2266 2266 1
1879 1879 1
1573 1573 1
1310 1310 1
1913 1913 1
2681 2681 1
1684 1684 1
2324 2324 1
1702 1702 1
1410 1410 1
1406 1406 1
2251 2251 1
1643 1643 1
2501 2501 1
1906 1906 1
2070 2070 1
1894 1894 1
2865 2865 1
1365 1365 1
2237 2237 1
3124 3124 1
 
1898 1898 1
2051 2051 1
2636 2636 1
2366 2366 1
2841 2841 1
1728 1728 1
2223 2223 1
2527 2527 1
3146 3146 1
2662 2662 1
1896 1896 1
2751 2751 1
3585 3585 1
2584 2584 1
2553 2553 1
2687 2687 1
2027 2027 1
2776 2776 1
3453 3453 1
2287 2287 1
1752 1752 1
1640 1640 1
1841 1841 1
2368 2368 1
2233 2233 1
 
3028 3028 1
1395 1395 1
3876 3876 1
3655 3655 1
1616 1616 1
2265 2265 1
2288 2288 1
2370 2370 1
2540 2540 1
2392 2392 1
1697 1697 1
1928 1928 1
2565 2565 1
2628 2628 1
2340 2340 1
1809 1809 1
2128 2128 1
1821 1821 1
1967 1967 1
1179 1179 1
1738 1738 1
1719 1719 1
2198 2198 1
1938 1938 1
2151 2151 1
 
1769 1769 1
5068 5068 1
3052 3052 1
2016 2016 1
3254 3254 1
2201 2201 1
4487 4487 1
3045 3045 1
4013 4013 1
2111 2111 1
1701 1701 1
2473 2473 1
2550 2550 1
2242 2242 1
2117 2117 1
4331 4331 1
2957 2957 1
2194 2194 1
3633 3633 1
3993 3993 1
2379 2379 1
1893 1893 1
1753 1753 1
1477 1477 1
1881 1881 1
 
2915 2915 1
1475 1475 1
3310 3310 1
2707 2707 1
2726 2726 1
2252 2252 1
2257 2257 1
2152 2152 1
3010 3010 1
3229 3229 1
2809 2809 1
2449 2449 1
2774 2774 1
3164 3164 1
2168 2168 1
2379 2379 1
1895 1895 1
2674 2674 1
1472 1472 1
2542 2542 1
2613 2613 1
2374 2374 1
2911 2911 1
3037 3037 1
1842 1842 1
 
2704 2704 1
2670 2670 1
2714 2714 1
2362 2362 1
3128 3128 1
2718 2718 1
3731 3731 1
3470 3470 1
2956 2956 1
3681 3681 1
3218 3218 1
4448 4448 1
2567 2567 1
3713 3713 1
2621 2621 1
3783 3783 1
1948 1948 1
2648 2648 1
3529 3529 1
2414 2414 1
2610 2610 1
3043 3043 1
3755 3757 0
3138 3138 1
2493 2493 1
 
2737 2737 1
3062 3062 1
5444 5444 1
1873 1873 1
2994 2994 1
3330 3330 1
3780 3780 1
4700 4700 1
2665 2665 1
4004 4004 1
3264 3264 1
2575 2575 1
2698 2698 1
3752 3752 1
3613 3613 1
2643 2643 1
3408 3408 1
2705 2705 1
2763 2763 1
4112 4112 1
2812 2812 1
4009 4009 1
2993 2993 1
2936 2936 1
3077 3077 1
 
3718 3718 1
2919 2919 1
3390 3390 1
3456 3456 1
1854 1854 1
2739 2739 1
2846 2846 1
3079 3079 1
5172 5172 1
4387 4387 1
3903 3903 1
4068 4068 1
3626 3626 1
3688 3688 1
2868 2868 1
3784 3784 1
3938 3938 1
4224 4224 1
2696 2696 1
3762 3762 1
3849 3849 1
3800 3800 1
2116 2116 1
2992 2992 1
4951 4951 1
 
2685 2685 1
3893 3893 1
5971 5971 1
2628 2628 1
2664 2664 1
3813 3813 1
3555 3555 1
3122 3122 1
3490 3490 1
3262 3262 1
3014 3014 1
5230 5230 1
4684 4684 1
3279 3279 1
3674 3674 1
4442 4442 1
3325 3325 1
3085 3085 1
5726 5726 1
3417 3417 1
3470 3470 1
3551 3551 1
3170 3170 1
2831 2831 1
2502 2502 1
 
3410 3410 1
2772 2772 1
3259 3259 1
5244 5244 1
4425 4425 1
3864 3864 1
2669 2669 1
3823 3823 1
3404 3404 1
3611 3611 1
3102 3102 1
3009 3009 1
3902 3902 1
3251 3251 1
4136 4136 1
3502 3502 1
3672 3672 1
3529 3529 1
3028 3028 1
3804 3804 1
3553 3553 1
3553 3553 1
3780 3780 1
5487 5489 0
4248 4248 1
 
3955 3955 1
3328 3328 1
3344 3345 0
2737 2737 1
4404 4404 1
6232 6232 1
4330 4330 1
3459 3459 1
3859 3859 1
4778 4778 1
3065 3065 1
3146 3146 1
4641 4641 1
5261 5262 0
5393 5396 0
4245 4248 0
3939 3939 1
5782 5782 1
4022 4022 1
3974 3974 1
4153 4153 1
3886 3886 1
4684 4684 1
4523 4523 1
3481 3481 1
 
4403 4417 0
3890 3890 1
3577 3578 0
3442 3442 1
4857 4857 1
4562 4566 0
5933 5933 1
4817 4817 1
3021 3021 1
4144 4144 1
4746 4749 0
4303 4306 0
3846 3846 1
4652 4652 1
3463 3463 1
3872 3872 1
4389 4394 0
4989 4990 0
5309 5309 1
4187 4187 1
5704 5704 1
4141 4142 0
4100 4100 1
4769 4770 0
5122 5125 0
 
4069 4071 0
3910 3910 1
3545 3546 0
5356 5356 1
3327 3328 0
3697 3701 0
3289 3290 0
3806 3807 0
5944 5950 0
4115 4115 1
4392 4392 1
4495 4496 0
4372 4372 1
3947 3949 0
3683 3684 0
4499 4499 1
4480 4483 0
4730 4730 1
5896 5900 0
4631 4635 0
3268 3268 1
4473 4473 1
4105 4107 0
4004 4004 1
4681 4681 1
 
===
