868 868 1
936 936 1
1112 1112 1
812 812 1
1207 1207 1
647 647 1
1836 1836 1
772 772 1
1682 1682 1
958 958 1
980 980 1
980 980 1
1805 1805 1
1577 1577 1
674 674 1
848 848 1
981 981 1
648 648 1
1051 1051 1
844 844 1
1034 1034 1
1067 1067 1
1069 1069 1
826 826 1
561 561 1
 
2677 2677 1
1624 1624 1
1967 1967 1
1753 1753 1
2498 2498 1
2905 2905 1
2570 2570 1
3079 3079 1
2253 2253 1
1644 1644 1
2175 2175 1
1765 1765 1
1181 1181 1
1359 1359 1
1082 1082 1
1383 1383 1
1582 1582 1
1773 1773 1
2406 2406 1
1882 1882 1
2266 2266 1
2049 2049 1
3726 3726 1
1705 1705 1
1629 1629 1
 
4138 4138 1
4160 4160 1
3380 3380 1
4156 4156 1
4099 4099 1
2534 2534 1
3239 3239 1
3590 3590 1
5915 5915 1
2479 2479 1
2767 2767 1
3346 3346 1
2938 2938 1
4738 4738 1
2296 2296 1
2280 2280 1
3565 3565 1
3744 3744 1
4876 4876 1
3684 3684 1
2982 2982 1
3039 3039 1
2572 2572 1
2542 2542 1
5224 5224 1
 
2838 2838 1
3404 3404 1
5203 5203 1
3551 3551 1
4253 4253 1
3052 3052 1
4943 4943 1
3726 3726 1
4251 4251 1
3489 3489 1
4687 4687 1
4592 4592 1
3824 3824 1
6206 6206 1
4102 4102 1
3517 3517 1
4238 4238 1
5490 5490 1
6726 6726 1
5796 5796 1
4078 4078 1
7983 7983 1
3937 3937 1
3650 3650 1
3779 3779 1
 
4556 4556 1
5296 5296 1
4199 4199 1
7661 7661 1
4942 4942 1
4314 4314 1
6060 6060 1
6033 6033 1
4803 4803 1
4282 4282 1
3769 3769 1
4373 4373 1
6752 6752 1
5746 5746 1
5342 5342 1
5515 5515 1
5023 5023 1
5213 5213 1
6345 6345 1
5251 5251 1
4024 4024 1
6170 6170 1
5037 5037 1
4656 4656 1
5135 5135 1
 
6254 6254 1
4537 4537 1
5398 5398 1
6827 6827 1
6336 6336 1
5387 5387 1
7862 7862 1
4459 4459 1
5694 5694 1
5914 5914 1
4367 4367 1
3855 3855 1
6377 6377 1
6282 6282 1
7000 7000 1
6084 6084 1
4969 4969 1
6163 6163 1
5361 5361 1
5046 5046 1
5312 5312 1
6597 6597 1
6620 6620 1
5349 5349 1
4434 4434 1
 
6720 6720 1
6174 6174 1
7163 7163 1
6260 6260 1
7426 7426 1
8307 8307 1
6772 6772 1
10506 10506 1
9198 9198 1
9718 9718 1
6792 6792 1
6329 6329 1
6739 6739 1
7302 7302 1
4671 4671 1
6994 6994 1
9189 9189 1
6746 6746 1
7657 7657 1
8199 8199 1
8144 8144 1
8539 8539 1
9562 9562 1
5630 5630 1
7776 7776 1
 
5929 5929 1
10913 10913 1
8998 8998 1
7404 7404 1
7273 7273 1
7117 7117 1
9101 9101 1
8943 8943 1
8878 8878 1
15698 15698 1
8235 8235 1
10168 10168 1
8372 8372 1
9012 9012 1
7379 7379 1
8437 8437 1
8980 8980 1
9837 9837 1
10924 10924 1
9180 9180 1
7018 7018 1
8310 8310 1
8763 8763 1
9135 9135 1
6628 6628 1
 
10266 10266 1
8752 8752 1
8571 8571 1
10644 10644 1
9156 9156 1
8285 8285 1
7692 7692 1
9918 9918 1
8180 8180 1
11165 11165 1
11543 11543 1
9780 9780 1
9234 9234 1
11530 11530 1
10011 10011 1
9658 9658 1
9347 9347 1
9012 9012 1
10462 10462 1
10332 10332 1
8356 8356 1
8317 8317 1
8539 8539 1
8366 8366 1
8888 8888 1
 
12617 12617 1
11091 11091 1
9193 9193 1
12840 12840 1
9206 9206 1
13238 13238 1
9756 9756 1
10546 10546 1
11524 11524 1
9356 9356 1
12318 12318 1
12660 12660 1
9125 9125 1
12343 12343 1
8989 8989 1
12740 12740 1
9657 9657 1
10717 10717 1
11018 11018 1
9987 9987 1
9668 9668 1
11891 11891 1
10367 10367 1
18409 18409 1
9588 9588 1
 
12791 12791 1
16611 16611 1
12777 12777 1
12578 12578 1
11336 11336 1
14067 14067 1
10820 10820 1
15149 15149 1
10616 10616 1
11230 11230 1
15825 15825 1
15601 15601 1
10760 10760 1
13290 13290 1
10998 10998 1
12435 12435 1
10966 10966 1
10932 10932 1
11895 11895 1
9238 9238 1
13269 13269 1
9632 9632 1
12723 12723 1
10317 10317 1
11560 11560 1
 
11359 11359 1
13062 13062 1
14032 14032 1
12967 12967 1
16020 16020 1
13455 13455 1
13414 13414 1
11530 11530 1
11792 11792 1
14679 14679 1
12101 12101 1
11607 11607 1
12391 12391 1
12488 12488 1
10829 10829 1
13256 13256 1
14734 14734 1
13259 13259 1
17372 17372 1
10346 10346 1
11150 11150 1
13352 13352 1
13367 13367 1
11225 11225 1
18694 18694 1
 
14406 14406 1
14738 14738 1
14885 14885 1
14896 14896 1
14329 14329 1
12958 12958 1
13829 13829 1
13930 13930 1
12013 12013 1
14632 14632 1
18284 18284 1
10489 10489 1
15377 15377 1
17309 17309 1
14549 14549 1
16546 16546 1
12537 12537 1
14697 14697 1
10666 10666 1
15148 15148 1
12941 12941 1
14596 14596 1
11724 11724 1
14978 14978 1
11952 11952 1
 
15002 15002 1
13353 13353 1
15048 15048 1
15638 15638 1
17027 17027 1
15599 15599 1
14547 14547 1
13074 13074 1
13147 13147 1
18743 18743 1
14363 14363 1
14848 14848 1
15620 15620 1
13699 13699 1
14154 14154 1
16761 16761 1
15833 15833 1
20120 20120 1
16086 16086 1
16764 16764 1
18067 18067 1
16968 16968 1
18641 18641 1
14818 14818 1
14057 14057 1
 
16475 16475 1
20412 20412 1
17792 17792 1
15356 15356 1
16590 16590 1
15502 15502 1
13969 13969 1
16686 16686 1
16386 16386 1
15017 15017 1
18222 18222 1
17300 17300 1
16635 16635 1
14303 14303 1
12292 12292 1
13642 13642 1
15481 15481 1
15754 15754 1
15258 15258 1
12793 12793 1
17816 17816 1
13663 13663 1
18308 18308 1
14464 14464 1
12714 12714 1
 
15539 15539 1
16909 16909 1
14902 14902 1
15911 15911 1
20340 20340 1
16754 16754 1
21507 21507 1
33666 33666 1
20805 20805 1
15816 15816 1
18825 18825 1
16862 16862 1
17123 17123 1
15641 15641 1
15991 15991 1
19176 19176 1
19033 19033 1
17228 17228 1
16987 16987 1
16707 16707 1
17979 17979 1
16787 16787 1
16407 16407 1
19296 19296 1
18889 18889 1
 
24658 24658 1
18091 18091 1
17933 17933 1
14768 14768 1
17637 17637 1
15214 15214 1
19404 19404 1
16213 16213 1
16138 16138 1
21581 21581 1
16728 16728 1
20761 20761 1
17879 17879 1
19712 19712 1
17243 17243 1
22934 22934 1
17729 17729 1
17107 17107 1
19063 19063 1
40522 40522 1
18348 18348 1
19540 19540 1
19760 19760 1
20111 20111 1
19070 19070 1
 
16492 16492 1
19422 19422 1
16612 16612 1
22974 22974 1
16793 16793 1
17005 17005 1
21091 21091 1
21266 21266 1
17642 17642 1
17688 17688 1
18689 18689 1
16566 16566 1
19064 19064 1
17037 17037 1
21914 21914 1
21047 21047 1
17123 17123 1
20313 20313 1
21402 21402 1
21532 21532 1
19619 19619 1
20955 20955 1
19940 19940 1
18397 18397 1
20117 20117 1
 
18889 18889 1
20556 20556 1
17163 17163 1
25175 25175 1
17171 17171 1
24150 24150 1
20226 20226 1
21207 21207 1
22272 22272 1
20920 20920 1
22523 22523 1
23396 23396 1
23390 23390 1
21514 21514 1
22212 22212 1
20513 20513 1
18079 18079 1
17398 17398 1
20731 20731 1
23011 23011 1
18955 18955 1
23196 23196 1
22394 22394 1
17301 17301 1
19833 19833 1
 
24281 24281 1
22305 22305 1
23185 23185 1
21059 21059 1
21470 21470 1
19133 19133 1
21237 21237 1
19466 19466 1
47508 47508 1
24767 24767 1
21390 21390 1
27495 27495 1
24510 24510 1
27992 27992 1
21520 21520 1
22459 22459 1
22462 22462 1
21969 21969 1
21681 21681 1
21418 21418 1
18423 18423 1
24232 24232 1
17178 17178 1
19968 19968 1
20597 20597 1
 
22206 22206 1
22427 22427 1
20486 20486 1
21837 21837 1
27006 27006 1
19909 19909 1
20759 20759 1
25840 25840 1
23708 23708 1
22414 22414 1
21316 21316 1
20280 20280 1
23665 23665 1
28072 28072 1
24001 24001 1
23677 23677 1
23734 23734 1
28371 28371 1
19411 19411 1
23728 23728 1
23656 23656 1
23938 23938 1
22065 22065 1
21458 21458 1
24484 24484 1
 
===
