273 273 1
457 457 1
109 109 1
502 503 0
387 387 1
122 122 1
161 161 1
207 207 1
123 123 1
123 123 1
136 136 1
373 373 1
188 188 1
451 451 1
661 669 0
336 336 1
306 306 1
112 112 1
220 220 1
184 184 1
772 772 1
278 278 1
905 912 0
360 360 1
634 634 1
 
536 537 0
349 349 1
247 247 1
382 382 1
732 732 1
1174 1175 0
498 498 1
264 264 1
285 285 1
226 226 1
457 457 1
227 227 1
1444 1445 0
617 617 1
1256 1256 1
411 411 1
560 560 1
646 646 1
1363 1365 0
272 272 1
211 211 1
444 444 1
291 291 1
756 756 1
350 350 1
 
934 935 0
420 420 1
579 579 1
508 508 1
609 610 0
408 408 1
1307 1307 1
719 719 1
546 546 1
557 557 1
470 470 1
637 637 1
881 881 1
514 514 1
380 380 1
288 288 1
534 534 1
620 620 1
1278 1278 1
401 401 1
384 384 1
1190 1190 1
291 291 1
760 760 1
1622 1622 1
 
1371 1372 0
564 564 1
529 529 1
568 568 1
624 624 1
1653 1654 0
1301 1301 1
706 706 1
884 884 1
651 651 1
969 969 1
1749 1749 1
608 608 1
1388 1392 0
452 452 1
817 817 1
419 419 1
617 617 1
799 799 1
1215 1215 1
816 816 1
1058 1059 0
958 958 1
1710 1711 0
849 849 1
 
688 688 1
2518 2541 0
1117 1117 1
769 769 1
979 979 1
515 515 1
1822 1826 0
1008 1008 1
1860 1879 0
1305 1307 0
2430 2442 0
1081 1082 0
2045 2052 0
875 875 1
1980 1980 1
1158 1158 1
1476 1476 1
1004 1004 1
716 716 1
863 864 0
1261 1262 0
792 792 1
1101 1101 1
1012 1012 1
1848 1850 0
 
1139 1140 0
1676 1680 0
1215 1215 1
559 559 1
1577 1580 0
2085 2088 0
1125 1125 1
1659 1662 0
1257 1257 1
1815 1815 1
1265 1265 1
838 839 0
962 962 1
2240 2245 0
1422 1425 0
892 892 1
1320 1321 0
624 624 1
1306 1309 0
1286 1286 1
906 906 1
1258 1259 0
1121 1121 1
1364 1368 0
1443 1445 0
 
755 755 1
1266 1267 0
1990 1997 0
1743 1745 0
1236 1236 1
1513 1515 0
1971 1975 0
2111 2111 1
1110 1110 1
2001 2004 0
2675 2680 0
833 833 1
1551 1555 0
1744 1748 0
1112 1112 1
3045 3052 0
2115 2121 0
1458 1459 0
2004 2013 0
1944 1954 0
2613 2620 0
1821 1822 0
1136 1137 0
1450 1450 1
1864 1865 0
 
1395 1398 0
2333 2344 0
3317 3317 1
1828 1831 0
1514 1514 1
2244 2246 0
2219 2220 0
1797 1805 0
893 893 1
1666 1677 0
1238 1238 1
3044 3046 0
2141 2156 0
2176 2177 0
1689 1692 0
2082 2087 0
2510 2520 0
1262 1264 0
2300 2307 0
1002 1002 1
1570 1570 1
2455 2459 0
1169 1171 0
1503 1504 0
1763 1767 0
 
1368 1368 1
1756 1763 0
1334 1338 0
2594 2602 0
2256 2265 0
1879 1880 0
1573 1573 1
1309 1310 0
1902 1905 0
2678 2682 0
1680 1683 0
2306 2322 0
1698 1702 0
1409 1409 1
1528 1530 0
2473 2486 0
1989 1989 1
2664 2674 0
1949 1983 0
2064 2074 0
1905 1907 0
2867 2879 0
1370 1371 0
2249 2249 1
3128 3138 0
 
1892 1905 0
2055 2055 1
2665 2675 0
2354 2382 0
2835 2852 0
1772 1772 1
2209 2235 0
2524 2538 0
3143 3158 0
2652 2682 0
1917 1919 0
2727 2777 0
3552 3597 0
2595 2604 0
2546 2560 0
2684 2693 0
2016 2033 0
2793 2808 0
3449 3478 0
2287 2301 0
1758 1758 1
1660 1661 0
1873 1873 1
2350 2373 0
2244 2246 0
 
3033 3061 0
1391 1400 0
3850 3896 0
3619 3678 0
1616 1617 0
2276 2280 0
2292 2294 0
2378 2379 0
2540 2552 0
2411 2414 0
1708 1708 1
1939 1941 0
2563 2579 0
2642 2650 0
2341 2348 0
1835 1840 0
2138 2141 0
1825 1829 0
1969 1970 0
1182 1184 0
1743 1744 0
1724 1725 0
2202 2209 0
1950 1952 0
2154 2159 0
 
1777 1778 0
4986 5092 0
3005 3062 0
2014 2016 0
3218 3255 0
2191 2203 0
4435 4486 0
3026 3058 0
3910 4010 0
2108 2110 0
1699 1704 0
2457 2474 0
2533 2549 0
2243 2247 0
2112 2116 0
4249 4330 0
2944 2962 0
2182 2196 0
3597 3634 0
3451 3495 0
2147 2153 0
1764 1775 0
1605 1618 0
1473 1473 1
1863 1867 0
 
2793 2817 0
1463 1464 0
3211 3283 0
2672 2690 0
2679 2703 0
2227 2235 0
2217 2223 0
2117 2130 0
2962 2979 0
3171 3199 0
2756 2794 0
2399 2425 0
2730 2757 0
3095 3126 0
2136 2138 0
2342 2366 0
1877 1884 0
2624 2653 0
1464 1465 0
2501 2517 0
2577 2586 0
2352 2365 0
2877 2889 0
2956 2993 0
1810 1831 0
 
2637 2671 0
2629 2651 0
2649 2678 0
2325 2354 0
3090 3117 0
2656 2708 0
3667 3710 0
3401 3443 0
2894 2927 0
3586 3640 0
3045 3197 0
4292 4409 0
2531 2554 0
3646 3676 0
2584 2591 0
3617 3753 0
1936 1940 0
2619 2626 0
3437 3502 0
2343 2391 0
2588 2595 0
2913 2926 0
3628 3727 0
3114 3136 0
2487 2493 0
 
2709 2727 0
2979 3053 0
5131 5431 0
1844 1874 0
2925 2991 0
3286 3329 0
3753 3780 0
4488 4700 0
2636 2661 0
3933 4004 0
3224 3261 0
2559 2569 0
2670 2691 0
3683 3748 0
3580 3614 0
2626 2644 0
3264 3398 0
2657 2702 0
2630 2763 0
4044 4110 0
2718 2810 0
3818 4008 0
2973 2993 0
2915 2957 0
3034 3074 0
 
3623 3716 0
2802 2917 0
3291 3393 0
3398 3455 0
1831 1853 0
2642 2737 0
2826 2845 0
3025 3080 0
5050 5179 0
4283 4385 0
3772 3911 0
3908 4065 0
3572 3627 0
3641 3686 0
2770 2865 0
3618 3784 0
3784 3937 0
4093 4217 0
2672 2681 0
3630 3757 0
3740 3848 0
3625 3801 0
2106 2117 0
2892 2992 0
4545 4950 0
 
2631 2687 0
4207 4467 0
6421 6924 0
2826 2929 0
2630 2736 0
3547 3853 0
3359 3628 0
2922 3170 0
3488 3541 0
3221 3299 0
2973 3043 0
4771 5344 0
4382 4719 0
3138 3304 0
3662 3720 0
3981 4503 0
3248 3357 0
3108 3126 0
4527 5774 0
3286 3448 0
3357 3511 0
3472 3574 0
3135 3195 0
2787 2859 0
2697 2705 0
 
3239 3450 0
2736 2795 0
2801 3284 0
3865 5287 0
2519 4447 0
3388 3894 0
2901 3103 0
3453 3859 0
3295 3438 0
4069 4420 0
2887 3132 0
2898 3033 0
3283 3933 0
2895 3276 0
3562 4162 0
3357 3537 0
3392 3695 0
3252 3557 0
2779 3032 0
3251 3805 0
3310 3560 0
3245 3551 0
3531 3778 0
4448 5495 0
3712 4250 0
 
2412 3953 0
2262 3330 0
1761 3348 0
1781 2741 0
2354 3697 0
3458 5208 0
2635 3798 0
2267 3385 0
2496 3730 0
2797 4682 0
1733 3010 0
2526 3105 0
2208 4553 0
2352 5201 0
2923 5328 0
2141 4185 0
2118 3588 0
2887 5701 0
2071 3963 0
2556 3932 0
2355 4111 0
1654 3847 0
2202 4628 0
2397 4461 0
2640 3444 0
 
1101 4358 0
979 3843 0
238 3538 0
308 3409 0
463 4812 0
614 4521 0
414 5267 0
1378 4758 0
1286 2992 0
1370 4107 0
509 4695 0
1020 4256 0
467 3804 0
429 4599 0
753 3432 0
384 3840 0
903 4353 0
834 4924 0
447 5212 0
602 4180 0
615 5699 0
1381 4140 0
784 4102 0
315 4768 0
628 5128 0
 
193 3520 0
203 3611 0
211 3544 0
239 4146 0
196 3329 0
337 3485 0
270 3053 0
187 3778 0
126 4717 0
295 4011 0
189 3828 0
213 4240 0
269 3703 0
237 3675 0
68 3374 0
350 4108 0
373 3944 0
210 3825 0
194 4707 0
268 3954 0
156 3098 0
157 4195 0
311 3485 0
427 3739 0
257 3290 0
 
===
