868 868 1
934 934 1
1114 1114 1
812 812 1
1207 1207 1
647 647 1
1836 1836 1
772 772 1
1681 1682 0
958 958 1
980 980 1
981 981 1
1804 1804 1
1577 1577 1
674 674 1
848 848 1
981 981 1
648 648 1
1051 1051 1
844 844 1
1033 1033 1
1067 1067 1
1069 1069 1
826 826 1
562 562 1
 
2678 2678 1
1624 1624 1
1968 1968 1
1753 1753 1
2498 2498 1
2904 2904 1
2566 2566 1
3078 3080 0
2253 2253 1
1642 1642 1
2173 2173 1
1766 1766 1
1184 1184 1
1359 1359 1
1080 1080 1
1381 1381 1
1584 1584 1
1776 1776 1
2404 2406 0
1879 1879 1
2265 2266 0
2049 2049 1
3726 3726 1
1706 1706 1
1628 1628 1
 
4127 4130 0
4156 4160 0
3378 3379 0
4155 4160 0
4100 4100 1
2532 2532 1
3244 3245 0
3592 3592 1
5913 5913 1
2483 2483 1
2768 2768 1
3347 3347 1
2938 2941 0
4740 4740 1
2293 2294 0
2281 2281 1
3571 3571 1
3745 3745 1
4872 4872 1
3682 3682 1
2978 2978 1
3037 3037 1
2573 2573 1
2542 2542 1
5223 5223 1
 
2839 2839 1
3402 3402 1
5158 5161 0
3551 3551 1
4260 4260 1
3052 3052 1
4940 4940 1
3723 3729 0
4249 4252 0
3490 3490 1
4681 4681 1
4590 4592 0
3823 3823 1
6203 6203 1
4097 4097 1
3513 3515 0
3582 3582 1
4731 4731 1
6152 6152 1
5716 5717 0
4029 4032 0
10017 10034 0
4602 4602 1
4064 4068 0
3693 3693 1
 
4641 4646 0
5182 5182 1
4201 4201 1
7348 7351 0
5049 5049 1
4293 4298 0
6078 6078 1
6008 6009 0
4796 4796 1
4281 4287 0
3755 3756 0
4372 4379 0
6640 6642 0
5741 5752 0
5372 5374 0
5531 5533 0
5023 5027 0
5253 5255 0
6321 6322 0
5281 5285 0
4026 4033 0
6145 6146 0
5049 5054 0
4855 4856 0
5132 5133 0
 
6154 6163 0
4576 4587 0
5447 5450 0
6912 6919 0
6317 6326 0
5398 5398 1
7844 7846 0
4456 4458 0
5656 5670 0
5929 5931 0
4356 4357 0
3856 3858 0
6489 6510 0
6250 6302 0
7035 7037 0
6082 6086 0
4970 4971 0
6159 6164 0
5365 5365 1
5037 5037 1
5318 5319 0
6632 6633 0
6619 6623 0
5361 5361 1
4437 4439 0
 
6725 6728 0
6178 6180 0
7142 7158 0
6261 6262 0
7406 7416 0
8275 8306 0
6751 6764 0
10284 10484 0
9196 9197 0
9703 9715 0
6772 6784 0
6304 6335 0
6747 6747 1
7276 7295 0
4669 4669 1
6970 6993 0
9194 9201 0
6726 6732 0
7641 7648 0
8174 8195 0
8209 8214 0
8508 8543 0
9501 9538 0
5624 5628 0
7761 7771 0
 
5953 5960 0
10798 10911 0
8930 8974 0
7405 7420 0
7249 7268 0
7093 7112 0
9040 9047 0
8890 8943 0
8840 8870 0
9897 9914 0
6324 6327 0
9917 9940 0
12146 12186 0
12045 12059 0
7794 8036 0
8186 8224 0
8711 8711 1
11216 11301 0
10743 10783 0
9189 9204 0
7004 7021 0
8264 8298 0
8722 8726 0
9153 9167 0
6586 6594 0
 
10121 10222 0
8799 8843 0
8533 8557 0
10361 10450 0
9315 9387 0
8456 8486 0
7842 7918 0
10931 11022 0
8113 8144 0
10983 11160 0
11501 11560 0
9785 9821 0
9205 9299 0
11476 11544 0
9074 10003 0
9575 9616 0
9308 9350 0
8967 8987 0
10382 10448 0
10270 10328 0
8286 8349 0
8295 8327 0
8501 8529 0
8352 8377 0
8819 8888 0
 
12440 12633 0
11116 11176 0
9171 9196 0
12683 12831 0
9163 9200 0
12963 13264 0
9692 9754 0
10504 10559 0
11396 11530 0
9279 9363 0
12214 12311 0
12462 12673 0
9106 9125 0
12078 12351 0
8958 8995 0
12659 12719 0
9660 9691 0
10608 10712 0
9875 10919 0
9965 9997 0
9600 9662 0
11763 11887 0
10363 10385 0
12779 12841 0
9011 9037 0
 
19674 19826 0
14498 16783 0
13672 13929 0
12901 13180 0
12249 12367 0
13730 14085 0
10926 10979 0
14111 15065 0
10696 10765 0
11162 11255 0
16306 17282 0
15159 15577 0
10287 10520 0
13149 13619 0
11171 11287 0
12476 12651 0
10585 10970 0
10720 10882 0
11545 11921 0
9150 9232 0
13171 13439 0
9602 9650 0
13598 14166 0
10281 10315 0
11507 11630 0
 
11153 11307 0
12332 13061 0
12187 14133 0
12166 12470 0
14417 16032 0
12505 13419 0
12918 13410 0
11248 11548 0
11568 11790 0
13798 14681 0
11518 12135 0
10812 11596 0
10796 12393 0
12369 12491 0
10468 10786 0
12931 13250 0
12107 14749 0
12603 13268 0
13801 17331 0
10265 10350 0
11023 11152 0
12620 13353 0
12310 13369 0
11138 11216 0
10832 11760 0
 
18802 20353 0
13026 15024 0
12733 15071 0
11589 15014 0
11075 14332 0
12068 12938 0
12824 13872 0
13469 14318 0
9495 11641 0
13845 14735 0
10870 18257 0
10044 10466 0
15235 16529 0
10721 17772 0
13027 14619 0
11375 16541 0
12226 12580 0
9820 14608 0
10414 10659 0
10734 15163 0
11535 12979 0
12138 14510 0
11547 11749 0
13344 15598 0
11745 12013 0
 
8203 14777 0
11492 13290 0
13428 15076 0
12005 15639 0
10559 17025 0
11269 15614 0
11985 14503 0
10086 13056 0
8293 13165 0
9371 18729 0
11130 14380 0
10436 14861 0
6646 13940 0
11142 13707 0
11001 14164 0
10100 18577 0
9432 15779 0
11977 15673 0
10414 13639 0
19381 28708 0
11118 18183 0
11272 17109 0
13083 18631 0
10513 15041 0
11999 14198 0
 
9988 16119 0
12368 20569 0
9698 17659 0
8993 15318 0
8687 16509 0
11232 16045 0
9552 13979 0
8214 16527 0
8428 16373 0
9677 15038 0
9917 18096 0
8087 17312 0
9889 16697 0
9146 14329 0
10602 12313 0
9618 13667 0
10272 15490 0
9961 15775 0
8342 14956 0
9357 12808 0
8222 17789 0
11290 13691 0
8299 18303 0
9881 14413 0
8065 12723 0
 
8500 15496 0
8305 16869 0
9234 14872 0
7397 15883 0
10523 20367 0
5534 16417 0
9490 21810 0
9263 18867 0
13657 24423 0
8993 19906 0
10582 17766 0
9706 16324 0
8420 17160 0
7916 15570 0
6173 16740 0
8448 19241 0
6174 17030 0
9200 16767 0
7498 16888 0
8855 17319 0
7267 18027 0
7978 16823 0
6286 16225 0
8571 19311 0
7598 20200 0
 
6087 24598 0
5190 18017 0
7025 17828 0
7827 14757 0
6867 17172 0
5875 15211 0
4956 19393 0
6866 16028 0
9656 16138 0
4753 21549 0
7097 16603 0
4579 20582 0
6394 17798 0
7255 19675 0
7170 17251 0
6281 22929 0
9141 17742 0
6719 17119 0
7200 19087 0
7873 21590 0
8812 27129 0
8765 21018 0
6008 19627 0
8624 19973 0
7954 19529 0
 
7350 16399 0
4309 19628 0
8180 16603 0
3657 20811 0
10175 18946 0
6203 17200 0
5038 20943 0
5483 21113 0
3409 16988 0
6278 17627 0
5280 18709 0
7756 16595 0
6595 19027 0
7168 17044 0
4831 21918 0
6833 21057 0
3511 16524 0
4871 20370 0
6391 21295 0
3964 21480 0
10167 19621 0
6928 20894 0
10069 19889 0
6895 18373 0
4797 19628 0
 
4652 18878 0
3863 20563 0
3547 17126 0
3856 28476 0
6334 18171 0
2476 23842 0
927 20142 0
4894 22340 0
2420 21869 0
1225 20970 0
3003 22303 0
2728 23211 0
1372 24008 0
2045 21414 0
2847 23055 0
5173 20510 0
2192 17428 0
7531 17415 0
1657 20887 0
226 5812 0
4503 18925 0
273 14471 0
3273 22399 0
450 13068 0
2347 19815 0
 
705 22306 0
594 20260 0
436 21370 0
449 18671 0
1010 21330 0
418 10598 0
1368 21194 0
491 18258 0
462 20659 0
2023 38229 0
1181 19930 0
314 13854 0
830 20196 0
277 20639 0
345 14025 0
484 16212 0
689 18506 0
412 21308 0
253 20890 0
675 20801 0
453 18383 0
223 12886 0
1214 17213 0
660 20060 0
976 19790 0
 
485 16644 0
403 17618 0
660 15425 0
266 16836 0
130 18588 0
309 12891 0
321 7781 0
363 16720 0
470 17703 0
535 15426 0
471 14701 0
594 16136 0
301 14458 0
1443 36203 0
617 18331 0
553 19145 0
279 13623 0
652 17413 0
1042 17457 0
966 18982 0
424 16174 0
360 18804 0
1172 16876 0
422 14831 0
584 16278 0
 
===
