869 869 1
939 939 1
1113 1113 1
812 812 1
1213 1213 1
649 649 1
1840 1840 1
772 772 1
1683 1683 1
967 967 1
981 981 1
984 984 1
1807 1807 1
1581 1581 1
676 676 1
850 850 1
982 982 1
650 650 1
1051 1051 1
847 847 1
1035 1035 1
1068 1068 1
1077 1077 1
827 827 1
563 563 1
 
2688 2688 1
1629 1629 1
1977 1977 1
1757 1757 1
2541 2541 1
2915 2915 1
2591 2591 1
3102 3102 1
2266 2266 1
1651 1651 1
2182 2182 1
1776 1776 1
1187 1187 1
1372 1372 1
1081 1081 1
1385 1385 1
1589 1589 1
1780 1780 1
2423 2423 1
1888 1888 1
2273 2273 1
2060 2060 1
3738 3739 0
1711 1711 1
1653 1653 1
 
4153 4153 1
4198 4198 1
3391 3391 1
4188 4188 1
4129 4130 0
2546 2546 1
3259 3259 1
3613 3613 1
5945 5949 0
2493 2493 1
2778 2778 1
3347 3347 1
2938 2938 1
4738 4738 1
2295 2295 1
2286 2286 1
3563 3564 0
3749 3749 1
4871 4871 1
3686 3686 1
2983 2983 1
3037 3037 1
2573 2573 1
2543 2543 1
5234 5234 1
 
2843 2843 1
3403 3403 1
5160 5161 0
3549 3549 1
4256 4256 1
3051 3051 1
4936 4936 1
3736 3736 1
4251 4251 1
3490 3490 1
4683 4683 1
4590 4590 1
3823 3823 1
6208 6208 1
4097 4097 1
3513 3513 1
3584 3584 1
4722 4722 1
6148 6148 1
5715 5715 1
4031 4031 1
7815 7824 0
3872 3872 1
3617 3617 1
3655 3655 1
 
4519 4520 0
5135 5136 0
4137 4137 1
7228 7230 0
4894 4894 1
4265 4266 0
5944 5946 0
5945 5945 1
4752 4752 1
4224 4224 1
3723 3723 1
4321 4321 1
6603 6604 0
5678 5678 1
5270 5270 1
5455 5455 1
4973 4973 1
5160 5160 1
6246 6253 0
5204 5205 0
3990 3990 1
6056 6056 1
4994 4994 1
4627 4627 1
5072 5072 1
 
6066 6066 1
4541 4541 1
5385 5386 0
6772 6832 0
6300 6319 0
5387 5387 1
7831 7834 0
4459 4459 1
5674 5674 1
5919 5919 1
4359 4359 1
3863 3863 1
6376 6376 1
6281 6281 1
6964 6973 0
6079 6094 0
4966 4966 1
6144 6157 0
5359 5359 1
5036 5036 1
7013 7021 0
7900 7903 0
6735 6738 0
5439 5442 0
4468 4468 1
 
6857 6866 0
6366 6366 1
7362 7367 0
6418 6418 1
7603 7615 0
8357 8512 0
6902 6909 0
10644 10738 0
9323 9481 0
9598 9860 0
6847 6870 0
6455 6468 0
6862 6867 0
7404 7429 0
4851 4851 1
7065 7112 0
9247 9365 0
6895 6904 0
7966 7987 0
8131 8191 0
8033 8159 0
8512 8533 0
9414 9572 0
5628 5628 1
7773 7778 0
 
5932 5937 0
9924 10929 0
8864 8994 0
7366 7406 0
7262 7268 0
7167 7174 0
9000 9044 0
8729 8938 0
8812 8869 0
9820 9920 0
6324 6333 0
9630 9958 0
8180 8232 0
8662 8778 0
7244 7253 0
8060 8092 0
8434 8443 0
9525 9634 0
10392 10609 0
8775 8962 0
6883 6886 0
8055 8145 0
8534 8601 0
8948 8960 0
6482 6487 0
 
9734 9918 0
8602 8619 0
9037 9201 0
9936 10199 0
8937 9005 0
8176 8242 0
7574 7676 0
9697 9923 0
8001 8143 0
10795 11176 0
10828 11531 0
9662 9771 0
9631 9731 0
10813 11495 0
9721 10003 0
9480 9606 0
9248 9348 0
8837 8991 0
13800 14083 0
10538 10865 0
8453 8557 0
8558 8567 0
8736 8778 0
8619 8662 0
9030 9142 0
 
12255 12891 0
11309 11738 0
9582 9602 0
11944 13198 0
9600 9679 0
12693 13547 0
9683 10012 0
10447 10847 0
10980 11812 0
9564 9579 0
11457 12627 0
12061 12683 0
9055 9139 0
11422 12424 0
8986 9069 0
11799 12756 0
9577 9669 0
10224 10716 0
10308 11015 0
9865 9989 0
9565 9677 0
11116 11917 0
9956 10375 0
12145 12856 0
8973 9041 0
 
11218 12218 0
13419 15948 0
11517 12358 0
11750 12170 0
10669 10938 0
12698 13686 0
10001 10432 0
13322 14566 0
10132 10267 0
10460 10930 0
13566 15202 0
13357 15114 0
10014 10278 0
11428 12977 0
10578 10973 0
11467 12422 0
10832 10997 0
10464 10866 0
11441 11896 0
9113 9229 0
11745 13265 0
9395 9638 0
11337 12728 0
9953 10329 0
16740 17718 0
 
17853 18527 0
14245 15749 0
13807 14696 0
12786 12944 0
14577 16707 0
12385 13856 0
12558 13900 0
13070 13393 0
11256 12160 0
12461 15204 0
12006 12454 0
11291 11895 0
12097 12751 0
14031 14764 0
10004 10775 0
12236 13376 0
13136 14788 0
12057 13322 0
13563 17348 0
10094 10341 0
11023 11155 0
12282 13369 0
12415 13426 0
10927 11227 0
10793 11759 0
 
12144 13778 0
13232 14028 0
12765 14359 0
12912 14327 0
12474 13710 0
11537 12331 0
12072 13451 0
12068 13491 0
11253 11591 0
13430 14156 0
12651 17711 0
9871 10146 0
12452 15099 0
13854 17257 0
13142 14508 0
12908 16515 0
12064 12529 0
12240 14535 0
10516 10659 0
13494 15159 0
11983 12928 0
26092 27652 0
11921 12388 0
13626 15756 0
11803 12542 0
 
13868 15824 0
12685 13975 0
13868 15690 0
14212 17297 0
14322 17735 0
13804 16211 0
13219 15029 0
12741 13554 0
12671 13518 0
14784 18899 0
13104 14438 0
12978 14894 0
14131 15641 0
12210 13757 0
12230 14224 0
12617 16797 0
12912 15921 0
13390 15721 0
12581 13653 0
13052 15992 0
14091 17235 0
13558 16326 0
14561 17741 0
12935 14390 0
12627 13578 0
 
12887 15483 0
13832 19359 0
14332 16992 0
12772 14846 0
13647 16034 0
13409 15533 0
12919 13940 0
13437 16580 0
13001 16328 0
13440 14983 0
14190 18064 0
14425 17307 0
13789 16701 0
19479 20712 0
12503 13114 0
12950 14397 0
15002 16302 0
14317 16466 0
13760 15900 0
12593 13772 0
14795 18534 0
12953 14319 0
15807 19038 0
12528 15004 0
11843 13109 0
 
13303 15524 0
14303 16935 0
12947 14913 0
14342 15964 0
15466 20394 0
14092 16487 0
14047 21507 0
14711 19447 0
13115 18146 0
12042 15126 0
14612 16755 0
12517 15472 0
12935 16425 0
13481 15397 0
13503 15311 0
14999 18477 0
13873 16897 0
14029 16072 0
14247 16338 0
13105 16697 0
15257 17972 0
13669 16803 0
13195 16387 0
13449 19271 0
14318 18908 0
 
14502 24623 0
21030 26230 0
12767 19030 0
13425 15589 0
13262 18440 0
12294 15872 0
13901 20351 0
13161 16925 0
14191 16782 0
14442 22476 0
12641 17319 0
13983 21694 0
14163 17849 0
14316 19710 0
15167 17319 0
14572 23001 0
12356 17742 0
13232 17136 0
13937 19140 0
12718 21620 0
13470 17264 0
12645 18535 0
12445 18775 0
13990 18987 0
13288 18226 0
 
12487 15725 0
12282 18511 0
12234 15928 0
13584 19982 0
12516 16422 0
13345 16950 0
12793 20904 0
13254 21083 0
13234 17613 0
13519 17575 0
13854 18684 0
23654 29329 0
13131 20418 0
13083 18065 0
7515 21437 0
14326 22239 0
14453 17810 0
17818 24006 0
16521 25360 0
16780 25093 0
13889 20139 0
14439 20961 0
13814 19952 0
13635 18404 0
11654 20153 0
 
7376 16907 0
14813 20593 0
13909 17148 0
13349 20477 0
13164 16698 0
11764 22625 0
12111 19340 0
15701 20344 0
12388 20910 0
11824 19644 0
12124 21232 0
10560 22281 0
10167 23377 0
11407 21271 0
10139 22148 0
12508 20499 0
13830 17944 0
14200 19834 0
14649 22739 0
8964 24532 0
13218 20139 0
9561 24504 0
11950 23529 0
14253 18394 0
6355 16062 0
 
7807 25377 0
9555 23182 0
6998 23299 0
7290 21971 0
10763 21495 0
7880 19198 0
7136 21253 0
9808 19183 0
10999 22772 0
10782 21914 0
10158 17927 0
6376 25860 0
9494 23058 0
11443 21529 0
10513 19304 0
9505 21316 0
8319 21050 0
9589 21925 0
12303 21673 0
10107 21237 0
12030 18329 0
5238 24117 0
10481 17187 0
6746 21808 0
10494 22044 0
 
486 23438 0
282 23371 0
2739 22386 0
1466 22774 0
3289 27493 0
790 20847 0
1681 20775 0
728 24837 0
441 24089 0
331 22552 0
263 21349 0
1505 21027 0
864 23862 0
1452 25227 0
259 20972 0
422 21774 0
422 21339 0
271 22934 0
2169 18003 0
285 22415 0
298 22197 0
243 23128 0
668 22032 0
2975 21364 0
704 21775 0
 
===
