273 273 1
457 457 1
109 109 1
503 503 1
387 387 1
122 122 1
161 161 1
207 207 1
123 123 1
123 123 1
136 136 1
373 373 1
188 188 1
451 451 1
669 669 1
336 336 1
306 306 1
112 112 1
220 220 1
184 184 1
772 772 1
278 278 1
912 912 1
360 360 1
634 634 1
 
537 537 1
349 349 1
247 247 1
382 382 1
732 732 1
1175 1175 1
498 498 1
264 264 1
285 285 1
229 229 1
479 479 1
227 227 1
1472 1472 1
623 623 1
1261 1261 1
414 414 1
564 564 1
654 654 1
1381 1381 1
273 273 1
211 211 1
448 448 1
291 291 1
757 757 1
352 352 1
 
936 936 1
420 420 1
577 577 1
510 510 1
610 610 1
408 408 1
1326 1326 1
723 723 1
548 548 1
558 558 1
469 469 1
637 637 1
883 883 1
515 515 1
380 380 1
288 288 1
535 535 1
620 620 1
1282 1282 1
402 402 1
387 387 1
1192 1192 1
291 291 1
760 760 1
1623 1623 1
 
1374 1374 1
564 564 1
530 530 1
570 570 1
625 625 1
1656 1656 1
1302 1302 1
709 709 1
886 886 1
654 654 1
970 970 1
1754 1754 1
612 612 1
1394 1394 1
453 453 1
819 819 1
419 419 1
617 617 1
800 800 1
1217 1217 1
816 816 1
1063 1063 1
959 959 1
1714 1714 1
849 849 1
 
691 691 1
2546 2546 1
1120 1120 1
770 770 1
982 982 1
515 515 1
1827 1827 1
1009 1009 1
1885 1885 1
1310 1310 1
2455 2455 1
1084 1084 1
2060 2060 1
875 875 1
1989 1989 1
1162 1162 1
1478 1478 1
1007 1007 1
718 718 1
865 865 1
1265 1265 1
792 792 1
1102 1102 1
1013 1013 1
1854 1854 1
 
1143 1143 1
1684 1684 1
1217 1217 1
560 560 1
1580 1580 1
2092 2092 1
1127 1127 1
1666 1666 1
1265 1265 1
1819 1819 1
1266 1266 1
842 842 1
965 965 1
2257 2257 1
1429 1429 1
893 893 1
1328 1328 1
628 628 1
1310 1310 1
1288 1288 1
910 910 1
1264 1264 1
1123 1123 1
1370 1370 1
1448 1448 1
 
755 755 1
1270 1270 1
1997 1997 1
1746 1746 1
1236 1236 1
1515 1515 1
1977 1977 1
2108 2108 1
1109 1109 1
2005 2005 1
2680 2680 1
833 833 1
1553 1553 1
1751 1751 1
1109 1109 1
3056 3056 1
2123 2123 1
1458 1458 1
2012 2012 1
1953 1953 1
2621 2621 1
1822 1822 1
1137 1137 1
1450 1450 1
1866 1866 1
 
1398 1398 1
2345 2345 1
3316 3316 1
1832 1832 1
1518 1518 1
2246 2246 1
2219 2219 1
1805 1805 1
893 893 1
1679 1679 1
1238 1238 1
3048 3048 1
2157 2157 1
2176 2176 1
1690 1690 1
2085 2085 1
2520 2520 1
1265 1265 1
2308 2308 1
1002 1002 1
1567 1567 1
2461 2461 1
1172 1172 1
1497 1497 1
1768 1768 1
 
1366 1366 1
1763 1763 1
1338 1338 1
2604 2604 1
2269 2269 1
1880 1880 1
1580 1580 1
1313 1313 1
1909 1909 1
2684 2684 1
1685 1685 1
2322 2322 1
1703 1703 1
1408 1408 1
1406 1406 1
2249 2249 1
1642 1642 1
2500 2500 1
1905 1905 1
2069 2069 1
1895 1895 1
2863 2863 1
1366 1366 1
2234 2234 1
3131 3131 1
 
1898 1898 1
2052 2052 1
2636 2636 1
2366 2366 1
2843 2843 1
1726 1726 1
2224 2224 1
2522 2522 1
3149 3149 1
2664 2664 1
1895 1895 1
2751 2751 1
3584 3584 1
2584 2584 1
2549 2549 1
2688 2688 1
2026 2026 1
2788 2788 1
3450 3450 1
2286 2286 1
1753 1753 1
1638 1638 1
1844 1844 1
2366 2366 1
2238 2238 1
 
3025 3025 1
1393 1393 1
3880 3880 1
3656 3656 1
1616 1616 1
2263 2263 1
2292 2292 1
2370 2370 1
2541 2541 1
2390 2390 1
1697 1697 1
1929 1929 1
2568 2568 1
2630 2630 1
2340 2340 1
1813 1813 1
2129 2129 1
1822 1822 1
1968 1968 1
1179 1179 1
1737 1737 1
1716 1716 1
2199 2199 1
1938 1938 1
2152 2152 1
 
1770 1770 1
5074 5074 1
3058 3058 1
2018 2018 1
3259 3259 1
2202 2202 1
4485 4487 0
3043 3043 1
4009 4009 1
2113 2113 1
1704 1704 1
2474 2474 1
2552 2552 1
2240 2240 1
2116 2116 1
4328 4329 0
2956 2956 1
2195 2195 1
3866 3866 1
3495 3495 1
2158 2158 1
1774 1774 1
1618 1618 1
1469 1469 1
1867 1867 1
 
2810 2810 1
1465 1465 1
3285 3285 1
2693 2694 0
2701 2701 1
2231 2231 1
2219 2219 1
2129 2130 0
2979 2979 1
3202 3202 1
3150 3150 1
2712 2712 1
3031 3031 1
3448 3448 1
2174 2174 1
2393 2393 1
1926 1926 1
2683 2683 1
1476 1476 1
3026 3026 1
2616 2616 1
2422 2422 1
2934 2934 1
3035 3035 1
2845 2845 1
 
2698 2698 1
2684 2684 1
2715 2715 1
2358 2358 1
3141 3141 1
2726 2727 0
3744 3744 1
3473 3473 1
2949 2949 1
3669 3671 0
3227 3227 1
4477 4478 0
2570 2570 1
3710 3710 1
2607 2607 1
3777 3778 0
1955 1955 1
2660 2660 1
3531 3531 1
2410 2410 1
2614 2614 1
2945 2945 1
3751 3758 0
3170 3170 1
2515 2515 1
 
2753 2753 1
3072 3072 1
5473 5485 0
2009 2009 1
3130 3130 1
3356 3356 1
3817 3817 1
4748 4748 1
2683 2683 1
4019 4019 1
3289 3289 1
2570 2570 1
2693 2693 1
3750 3750 1
3616 3616 1
2642 2642 1
3400 3401 0
2705 2705 1
2764 2764 1
4108 4108 1
2811 2812 0
4008 4008 1
2995 2995 1
2935 2935 1
3077 3077 1
 
3710 3710 1
2920 2920 1
3393 3393 1
3456 3456 1
1855 1855 1
2737 2737 1
2846 2846 1
3106 3106 1
5168 5178 0
4382 4389 0
3904 3906 0
4063 4063 1
3628 3628 1
3693 3693 1
2867 2867 1
3785 3785 1
3935 3936 0
4227 4227 1
2681 2681 1
3766 3766 1
3844 3844 1
3803 3803 1
2115 2115 1
2990 2991 0
4944 4955 0
 
2682 2682 1
3898 3898 1
5962 5970 0
2626 2627 0
2667 2667 1
3811 3812 0
3561 3562 0
3123 3123 1
3486 3486 1
3260 3260 1
3016 3016 1
5228 5231 0
4669 4678 0
3275 3276 0
3667 3670 0
4441 4442 0
3316 3316 1
3072 3072 1
5728 5728 1
3415 3416 0
3471 3472 0
3547 3547 1
3171 3171 1
2831 2831 1
2505 2505 1
 
3410 3411 0
2768 2768 1
3254 3255 0
5232 5248 0
4409 4426 0
3857 3863 0
2669 2669 1
3823 3825 0
3406 3406 1
3611 3611 1
3102 3102 1
3009 3009 1
3895 3898 0
3246 3248 0
4133 4136 0
3500 3500 1
3674 3675 0
3530 3530 1
3031 3031 1
3800 3800 1
3550 3550 1
3550 3550 1
3778 3778 1
5461 5489 0
4246 4249 0
 
3948 3953 0
3330 3330 1
3344 3345 0
2739 2739 1
3692 3693 0
5198 5210 0
3793 3798 0
3383 3383 1
3732 3732 1
4661 4677 0
3011 3011 1
3104 3104 1
4551 4554 0
5194 5212 0
5268 5321 0
4943 4959 0
4095 4099 0
6536 6541 0
4065 4065 1
4008 4008 1
4180 4187 0
3910 3915 0
4688 4689 0
4525 4532 0
3486 3486 1
 
4374 4430 0
3900 3902 0
3599 3599 1
3449 3450 0
4860 4874 0
4553 4577 0
5837 5924 0
4819 4832 0
3035 3036 0
4135 4158 0
4732 4738 0
4299 4318 0
3840 3845 0
5158 5174 0
3485 3485 1
3892 3896 0
4398 4417 0
4956 4989 0
5292 5300 0
4354 4360 0
5781 5803 0
4173 4182 0
4142 4143 0
4816 4832 0
5101 5189 0
 
4068 4122 0
3922 3941 0
3481 3584 0
5247 5416 0
3186 3335 0
3589 3700 0
3240 3291 0
3735 3804 0
5746 5948 0
4096 4103 0
4284 4398 0
4292 4499 0
4236 4371 0
3869 3953 0
3651 3688 0
4365 4499 0
4376 4480 0
2843 4052 0
3803 5902 0
4491 4636 0
3196 3263 0
4357 4463 0
3988 4107 0
3907 3996 0
4581 4677 0
 
===
