273 273 1
457 457 1
109 109 1
503 503 1
387 387 1
122 122 1
161 161 1
207 207 1
123 123 1
123 123 1
136 136 1
373 373 1
188 188 1
451 451 1
669 669 1
330 336 0
306 306 1
112 112 1
220 220 1
184 184 1
768 772 0
278 278 1
912 912 1
360 360 1
634 634 1
 
537 537 1
349 349 1
247 247 1
383 383 1
732 732 1
1175 1175 1
498 498 1
264 264 1
285 285 1
226 226 1
457 457 1
227 227 1
1446 1446 1
616 617 0
1256 1256 1
411 411 1
559 559 1
645 645 1
1364 1365 0
272 272 1
211 211 1
444 444 1
291 291 1
756 756 1
350 350 1
 
935 935 1
420 420 1
577 577 1
508 508 1
610 610 1
408 408 1
1308 1308 1
719 719 1
546 546 1
556 557 0
469 469 1
637 638 0
881 881 1
515 515 1
380 380 1
288 288 1
534 534 1
620 620 1
1277 1278 0
400 401 0
384 384 1
1189 1190 0
291 291 1
759 760 0
1620 1624 0
 
1361 1365 0
562 562 1
529 529 1
568 568 1
624 624 1
1654 1654 1
1300 1301 0
706 706 1
884 884 1
651 651 1
968 969 0
1749 1749 1
608 608 1
1389 1392 0
452 452 1
817 817 1
419 419 1
617 617 1
807 811 0
1265 1265 1
823 823 1
1074 1080 0
972 972 1
1739 1739 1
865 865 1
 
713 713 1
2544 2546 0
1122 1122 1
772 772 1
983 983 1
517 517 1
1836 1836 1
1012 1012 1
1877 1883 0
1308 1309 0
2446 2446 1
1079 1084 0
2048 2055 0
878 878 1
1971 1981 0
1161 1161 1
1479 1479 1
1009 1009 1
717 717 1
867 867 1
1272 1273 0
796 796 1
1102 1102 1
1013 1013 1
1853 1854 0
 
1146 1146 1
1682 1692 0
1221 1223 0
560 560 1
1579 1582 0
2090 2092 0
1132 1132 1
1668 1670 0
1258 1258 1
1823 1823 1
1271 1271 1
841 841 1
964 964 1
2232 2248 0
1430 1433 0
896 896 1
1324 1325 0
622 623 0
1312 1312 1
1292 1292 1
907 907 1
1266 1266 1
1128 1128 1
1372 1373 0
1450 1450 1
 
761 761 1
1272 1272 1
1999 2012 0
1758 1759 0
1238 1239 0
1519 1523 0
1977 1979 0
2119 2120 0
1111 1111 1
1997 2007 0
2677 2688 0
836 836 1
1555 1558 0
1746 1753 0
1113 1113 1
3072 3075 0
2117 2135 0
1461 1462 0
1993 2015 0
1948 1956 0
2614 2623 0
1822 1826 0
1138 1140 0
1458 1460 0
1880 1881 0
 
1385 1399 0
2347 2352 0
3321 3331 0
1832 1834 0
1515 1519 0
2248 2254 0
2221 2225 0
1794 1814 0
896 896 1
1668 1677 0
1238 1238 1
3032 3047 0
2144 2156 0
2177 2178 0
1691 1692 0
2075 2089 0
2504 2520 0
1263 1264 0
2299 2306 0
1004 1004 1
1565 1568 0
2452 2459 0
1172 1173 0
1496 1496 1
1758 1768 0
 
1364 1365 0
1759 1764 0
1335 1337 0
2590 2602 0
2246 2266 0
1878 1880 0
1576 1576 1
1310 1310 1
1904 1906 0
2680 2682 0
1680 1684 0
2304 2321 0
1696 1702 0
1406 1409 0
1405 1405 1
2209 2250 0
1642 1643 0
2466 2501 0
1881 1905 0
2057 2069 0
1890 1896 0
2852 2864 0
1362 1365 0
2236 2237 0
3115 3125 0
 
1887 1898 0
2049 2052 0
2621 2636 0
2336 2369 0
2834 2842 0
1725 1726 0
2200 2225 0
2508 2531 0
3130 3148 0
2614 2663 0
1888 1895 0
2670 2751 0
3533 3583 0
2574 2587 0
2536 2548 0
2660 2688 0
2010 2029 0
2761 2775 0
3368 3450 0
2268 2285 0
1753 1754 0
1638 1639 0
1841 1841 1
2332 2365 0
2228 2232 0
 
2976 3025 0
1387 1393 0
3843 3874 0
3631 3655 0
1612 1613 0
2256 2262 0
2409 2412 0
2357 2369 0
2526 2539 0
2383 2392 0
1701 1701 1
1923 1928 0
2543 2567 0
2626 2635 0
2317 2338 0
1806 1810 0
2121 2128 0
1816 1819 0
1958 1967 0
1174 1177 0
1731 1737 0
1715 1718 0
2191 2200 0
1936 1938 0
2148 2149 0
 
1768 1768 1
4995 5072 0
2970 3053 0
2007 2019 0
3162 3256 0
2192 2201 0
4403 4489 0
2994 3046 0
3866 4007 0
2103 2112 0
1699 1702 0
2443 2472 0
2531 2549 0
2217 2241 0
2117 2117 1
4256 4331 0
2928 2957 0
2192 2195 0
3565 3639 0
3466 3495 0
2147 2153 0
1756 1777 0
1604 1618 0
1463 1471 0
1866 1870 0
 
2790 2806 0
1464 1465 0
3198 3286 0
2668 2689 0
2679 2699 0
2212 2233 0
2214 2224 0
2115 2131 0
2926 2992 0
3144 3204 0
2717 2791 0
2386 2425 0
2718 2756 0
3086 3133 0
2136 2137 0
2325 2362 0
1870 1886 0
2625 2645 0
1455 1464 0
2497 2519 0
2551 2587 0
2314 2366 0
2870 2891 0
2923 2994 0
1796 1830 0
 
2622 2671 0
2620 2653 0
2659 2681 0
2325 2349 0
3033 3108 0
2644 2717 0
3655 3702 0
3380 3441 0
3335 3368 0
4072 4163 0
3259 3482 0
4644 4841 0
2531 2577 0
3639 3726 0
2610 2625 0
3513 3785 0
1944 1953 0
2639 2654 0
3441 3535 0
2355 2422 0
2582 2615 0
2937 2953 0
3576 3753 0
3134 3174 0
2489 2506 0
 
2725 2770 0
3010 3077 0
5015 5491 0
1853 1882 0
2863 3003 0
3298 3348 0
3765 3833 0
4269 4751 0
2571 2693 0
3924 4057 0
3239 3285 0
2561 2600 0
2689 2711 0
3653 3786 0
3568 3646 0
2622 2668 0
3249 3427 0
2695 2735 0
2592 2775 0
4036 4131 0
2622 2834 0
3786 4034 0
2984 3012 0
2884 2957 0
3026 3103 0
 
3501 3793 0
2770 2940 0
3069 3410 0
3413 3482 0
1826 1870 0
2569 2754 0
3113 3260 0
3020 3083 0
4306 5182 0
3986 4388 0
3733 3904 0
3769 4067 0
3544 3630 0
3606 3685 0
2716 2867 0
3493 3809 0
3725 3939 0
3927 4220 0
2614 2681 0
3492 3759 0
3684 3844 0
3404 3803 0
2062 2113 0
2888 2994 0
3600 4963 0
 
1435 2682 0
2961 3893 0
3772 5970 0
2186 2627 0
2320 2665 0
2781 3813 0
2835 3559 0
2729 3125 0
3229 3483 0
2659 3260 0
2684 3020 0
3600 5235 0
3610 4676 0
2860 3293 0
3476 3673 0
3471 4443 0
3016 3320 0
2642 3073 0
3760 5729 0
3016 3413 0
2695 3469 0
2728 3547 0
2799 3170 0
2649 2830 0
2327 2504 0
 
1678 3408 0
40 2769 0
1459 3264 0
2378 5244 0
1740 4428 0
753 3861 0
1752 2663 0
2318 3828 0
1404 3400 0
2813 3608 0
1065 3101 0
2125 3007 0
1804 3897 0
1863 3250 0
1569 4137 0
1247 3504 0
2033 3674 0
2614 3526 0
2206 3033 0
1541 3805 0
2582 3554 0
1656 3549 0
1882 3774 0
2273 5492 0
1085 4107 0
 
284 3958 0
279 3274 0
311 3345 0
243 2738 0
224 3656 0
219 5109 0
276 3756 0
454 3387 0
329 3731 0
270 4210 0
339 3009 0
242 3100 0
423 4526 0
473 4756 0
212 4703 0
271 3878 0
310 3584 0
381 4928 0
259 3962 0
322 3930 0
312 4105 0
299 3690 0
503 4585 0
329 4235 0
402 3444 0
 
228 3069 0
88 2800 0
142 2893 0
231 2994 0
280 3685 0
171 3197 0
293 3627 0
195 3981 0
180 3459 0
257 3323 0
198 3081 0
297 3546 0
163 3364 0
164 3365 0
275 3647 0
89 3053 0
136 3109 0
151 3473 0
128 4038 0
159 3458 0
200 3990 0
203 3023 0
139 3703 0
126 3467 0
210 3291 0
 
201 2702 0
152 2733 0
115 2583 0
202 2778 0
165 2500 0
138 2809 0
108 2353 0
143 2935 0
123 2744 0
189 2718 0
110 2570 0
213 2713 0
203 2541 0
133 2688 0
171 2662 0
182 2685 0
179 2818 0
203 2575 0
150 2932 0
151 2754 0
122 2323 0
104 2713 0
165 2511 0
196 2765 0
151 2892 0
 
===
