868 868 1
934 934 1
1114 1114 1
813 813 1
1207 1207 1
648 648 1
1837 1837 1
772 772 1
1681 1681 1
958 958 1
980 980 1
980 980 1
1805 1805 1
1575 1576 0
674 674 1
848 848 1
981 981 1
648 648 1
1051 1051 1
844 844 1
1034 1034 1
1068 1068 1
1069 1069 1
826 826 1
563 563 1
 
2671 2677 0
1623 1624 0
1969 1969 1
1753 1753 1
2733 2735 0
3174 3177 0
2806 2806 1
3585 3588 0
2374 2374 1
1647 1647 1
2175 2175 1
1772 1772 1
1185 1185 1
1364 1364 1
1084 1084 1
1387 1387 1
1587 1587 1
1786 1786 1
2424 2424 1
1928 1928 1
2277 2277 1
2056 2056 1
3763 3765 0
1710 1710 1
1637 1637 1
 
4183 4183 1
4265 4265 1
3734 3734 1
4194 4196 0
4127 4127 1
2558 2558 1
3279 3279 1
3618 3618 1
5941 5974 0
2690 2690 1
2793 2793 1
3384 3384 1
2956 2956 1
4795 4795 1
2304 2304 1
2299 2299 1
3581 3582 0
3763 3763 1
4903 4903 1
3734 3736 0
3014 3014 1
3064 3064 1
2593 2594 0
2551 2552 0
5259 5266 0
 
2855 2855 1
3430 3433 0
5342 5344 0
3579 3579 1
4299 4299 1
3082 3082 1
4943 4947 0
3724 3727 0
4248 4248 1
3498 3498 1
4688 4688 1
4595 4596 0
3829 3829 1
6207 6211 0
4100 4100 1
3527 3527 1
3585 3587 0
4724 4724 1
6146 6146 1
5718 5722 0
4051 4052 0
7820 7826 0
3873 3873 1
3615 3617 0
3656 3656 1
 
4509 4514 0
5117 5138 0
4143 4143 1
7223 7225 0
4893 4894 0
4271 4271 1
5932 5934 0
6063 6063 1
4750 4753 0
4214 4214 1
3725 3728 0
4311 4311 1
6643 6645 0
5671 5678 0
5275 5276 0
5451 5455 0
4978 4978 1
5157 5161 0
6240 6242 0
5202 5204 0
3992 3992 1
6059 6059 1
4991 4991 1
4612 4615 0
5085 5086 0
 
6060 6065 0
4555 4555 1
5390 5390 1
6836 6842 0
6317 6327 0
5377 5385 0
7808 7829 0
4471 4473 0
5669 5669 1
5920 5920 1
4358 4358 1
3854 3854 1
6382 6385 0
6279 6281 0
6990 6996 0
6078 6081 0
4978 4979 0
6159 6159 1
5360 5362 0
5031 5041 0
5308 5310 0
6547 6614 0
6614 6616 0
5345 5346 0
4431 4436 0
 
6699 6720 0
6149 6181 0
7134 7152 0
6263 6264 0
7398 7415 0
8278 8307 0
8818 8824 0
13321 13338 0
9514 9581 0
10053 10072 0
6892 6918 0
6437 6445 0
6886 6888 0
7412 7422 0
4744 4750 0
7076 7111 0
9313 9329 0
6885 6886 0
7963 7980 0
8634 8681 0
8310 8315 0
8686 8711 0
10008 10014 0
5709 5710 0
7872 7893 0
 
6044 6049 0
11163 11231 0
9125 9167 0
7487 7509 0
7268 7271 0
7101 7112 0
9016 9042 0
8903 8941 0
8756 8878 0
9960 10049 0
6320 6329 0
9865 9956 0
8117 8231 0
8732 8773 0
7355 7366 0
8041 8090 0
8429 8447 0
9572 9634 0
10547 10599 0
8882 8969 0
6878 6899 0
8129 8157 0
8591 8618 0
8943 8959 0
6480 6484 0
 
9865 9916 0
8501 8588 0
8303 8329 0
10082 10201 0
8700 9020 0
8222 8246 0
7615 7686 0
9808 9918 0
8106 8142 0
10672 11166 0
11419 11532 0
9733 9767 0
9128 9216 0
11377 11527 0
9942 10020 0
9584 9601 0
9248 9353 0
8932 8995 0
9313 10274 0
10217 10315 0
8295 8349 0
8288 8339 0
8472 8533 0
8266 8341 0
8808 8890 0
 
12099 12633 0
14558 14782 0
12818 12899 0
13414 13636 0
9458 9601 0
13692 14172 0
10181 10312 0
10784 10903 0
11853 11922 0
9641 9705 0
12244 12608 0
12797 13113 0
9340 9372 0
12317 12645 0
9247 9313 0
12765 13111 0
9758 9844 0
11077 11158 0
10957 11119 0
9896 10007 0
9620 9683 0
11683 11951 0
10152 10374 0
12576 12880 0
8993 9051 0
 
11651 12166 0
14723 15960 0
12196 12418 0
12402 12832 0
10821 10941 0
11737 13681 0
10300 10410 0
13348 14558 0
10135 10243 0
10835 10929 0
14124 15179 0
13143 15125 0
10046 10276 0
12373 12973 0
10342 10979 0
11745 12412 0
10662 10960 0
10793 10889 0
11545 11910 0
9116 9230 0
12607 13271 0
9555 9642 0
12386 12736 0
10188 10362 0
11429 11544 0
 
10117 11299 0
11535 12998 0
12415 14033 0
11603 12424 0
13020 16356 0
13081 15513 0
17079 18815 0
11300 12097 0
12898 13693 0
11115 15357 0
10930 12569 0
11281 11987 0
9733 12764 0
12675 13152 0
9793 11102 0
12932 13743 0
12648 15227 0
11193 13632 0
13268 17824 0
10248 10761 0
10938 11200 0
11274 13377 0
12760 13419 0
11050 11209 0
11284 11736 0
 
11931 13780 0
9792 14031 0
10001 14335 0
12178 14388 0
10558 13733 0
11492 12346 0
11221 13488 0
11642 13492 0
10065 11593 0
10992 14136 0
8280 17686 0
9613 10137 0
9763 15103 0
8180 17288 0
11727 14537 0
8903 16515 0
11234 12532 0
7001 14546 0
10268 10682 0
9611 15169 0
7876 12944 0
10326 14480 0
10715 11740 0
12134 14981 0
11021 11960 0
 
10068 14971 0
8882 13287 0
16420 27310 0
8743 16634 0
9981 17849 0
9264 16366 0
10510 15132 0
11093 13617 0
9858 13602 0
8320 19486 0
7966 14868 0
11293 16644 0
7661 16126 0
9764 14307 0
7633 14192 0
10361 16812 0
9614 15909 0
10186 15762 0
9427 13666 0
9843 16004 0
7124 17199 0
8185 16347 0
9876 17722 0
7648 14377 0
11350 13618 0
 
5709 15479 0
7525 19342 0
5591 16993 0
5804 14760 0
6330 15992 0
7578 15523 0
5890 13890 0
8610 16583 0
4457 16228 0
7959 15005 0
7791 18074 0
7402 17314 0
9242 16670 0
7126 14300 0
9996 13904 0
7827 13638 0
5835 15475 0
6892 15747 0
9093 22989 0
9532 13582 0
8214 18711 0
8762 14986 0
7484 19096 0
7867 14960 0
9406 13230 0
 
8020 16190 0
6482 17485 0
9458 15485 0
6441 16498 0
5875 24869 0
6625 16466 0
6159 21527 0
6941 18888 0
7343 18192 0
5757 15137 0
5681 16778 0
7153 15480 0
9402 17602 0
3754 14635 0
6027 15320 0
7483 18470 0
6199 16794 0
8041 16070 0
5542 17691 0
6175 16634 0
6489 17960 0
8941 16792 0
6165 16382 0
7801 19291 0
5052 18897 0
 
6576 24619 0
4677 18049 0
2941 17389 0
5628 14737 0
4505 17627 0
3613 15205 0
5327 30032 0
7286 18214 0
7844 16966 0
5853 23458 0
5391 17294 0
3865 21440 0
2730 18241 0
3475 20451 0
5631 18071 0
3181 23975 0
2876 17741 0
1986 17199 0
3098 18895 0
5448 21633 0
5311 17293 0
1462 16188 0
5636 18765 0
2901 17276 0
3402 18228 0
 
3486 15725 0
2373 18497 0
2019 15901 0
3612 19970 0
2664 16388 0
1051 16921 0
1246 20914 0
774 16765 0
4393 17484 0
615 17934 0
373 11161 0
4124 17264 0
3174 18959 0
2627 16971 0
1556 21873 0
1087 33969 0
1305 17943 0
467 21318 0
745 23225 0
3570 23278 0
2743 20786 0
252 13555 0
666 20902 0
2415 22614 0
1102 15124 0
 
457 16896 0
551 18788 0
551 14773 0
844 18368 0
249 14612 0
933 17120 0
777 13194 0
1272 18221 0
541 11639 0
573 16580 0
994 19069 0
542 20475 0
284 18583 0
762 15828 0
242 8222 0
921 18501 0
559 17665 0
252 13164 0
457 20396 0
474 19023 0
885 17477 0
432 28720 0
577 15847 0
281 16999 0
798 19433 0
 
472 17952 0
655 16898 0
474 13734 0
542 16318 0
706 13398 0
316 12839 0
223 9378 0
437 12727 0
288 12578 0
323 14726 0
605 13210 0
248 9584 0
326 13994 0
232 13945 0
507 14544 0
564 13400 0
390 10113 0
771 11213 0
431 14574 0
376 14380 0
644 13716 0
382 13947 0
268 10000 0
477 13219 0
631 14398 0
 
518 11906 0
679 17854 0
499 11627 0
270 13183 0
361 11003 0
477 11621 0
437 12054 0
654 12814 0
641 10734 0
319 10154 0
394 12134 0
252 9051 0
628 13153 0
547 10052 0
644 12073 0
508 12479 0
398 11531 0
379 10435 0
772 12408 0
310 11447 0
446 11491 0
288 10891 0
496 12788 0
616 11255 0
279 9581 0
 
===
